Total 	50,3 	47,7 	1,8 	99,7 	6157 	(*) 	17 	 	 	 	 	 	  
AMBA 	39,1 	57,8 	2,5 	99,4 	1907 	(*) 	12 
Cuyo 	32,1 	67,2 	0,4 	99,7 	450 	(*) 	1 
NEA 	40,6 	57,3 	2,0 	99,9 	611 	(*) 	1 
NOA 	53,6 	45,0 	1,1 	99,7 	831 	(*) 	3 
Pampeana 63,4 	35,0 	1,6 	100,0 	2060 	(*) 	1
Patagonia 	  	68,9 	29,5 	  1,6 	  100,0 	 297 	   	(*)   	0 	 	 	 	 	 	 	  
Hombre 	49,2 	49,6 	1,2 	99,9 	2885 	(*) 	2 
Mujer 	51,3 	46,0 	2,2 	99,5 	3272 	(*) 	15 	 	 	 	 	 	 	  
Más_bajo 	49,7 	47,3 	2,4 	99,4 	1936 	(*) 	12 
Segundo 	45,8 	52,4 	1,8 	100,0 	1547 	(*) 	0 
Medio 	57,2 	41,2 	1,5 	99,9 	1138 	(*) 	1 
Cuarto 	50,6 	47,6 	1,7 	100,0 	776 	(*) 	0 
Más_alto 	50,2 	49,0 	0,2 	99,5 	759 	(*) 	4 
Si 	49,4 	48,3 	1,8 	99,5 	3022 	(*) 	14 
No 	51,2 	47,0 	1,7 	99,9 	3125 	(*) 	3 
No_responde 	(*) 	(*) 	(*) 	(*) 	9 	(*) 	0 
Hasta_secundario_incompleto 	46,8 	50,7 	2,0 	99,5 	2813 	(*) 	15 
Secundario_completo/Terciario_o_Universitario_incompleto 	53,4 	44,7 	1,8 	99,9 	2538 	(*) 	2 
Terciario_o_Universitario_completo 	53,2 	46,0 	0,8 	99,9 	794 	(*) 	1 
No_responde 	(*) 	(*) 	(*) 	(*) 	12 	(*) 	0  	 	 	 	 	 	 	  
Hombre 	50,5 	47,7 	1,7 	100,0 	3207 	(*) 	1 
Mujer 	50,0 	47,6 	1,8 	99,4 	2950 	(*) 	16 
	 	 	 	 	 	 	  
0-11 	48,8 	48,9 	1,6 	99,3 	1004 	(*) 	7 
12-23 	50,3 	48,8 	0,9 	100,0 	1230 	(*) 	0 
24-35 	51,1 	45,8 	2,3 	99,2 	1183 	(*) 	9 
36-47 	49,7 	48,3 	2,0 	100,0 	1351 	(*) 	0 
48-59 	51,2 	46,9 	1,9 	100,0 	1390 	(*) 	1 
